   0.000   34.928   77.878   75.584   97.581   54.571   51.884   37.054   85.604   88.142   79.228  101.415   28.844   51.039   27.019   81.744   25.710   74.545   76.844   73.824   36.235   64.031   84.172   78.032   25.239   75.961   21.095   25.962   84.865   62.290   16.279   72.780
  34.928    0.000   60.308   59.203   90.874   80.709   40.497   13.000   84.404   94.133  100.464   97.144    8.246   22.472   38.079   97.293   10.630   42.297   77.929   41.110   67.209   30.067   91.022   64.351   39.357  101.872   19.416   46.325   78.549   80.324   19.416   39.051
  77.878   60.308    0.000    3.162   37.054   86.585   26.249   48.083   40.706   58.822   90.211   45.277   67.179   39.446   55.109   77.466   59.666   41.110   41.110   43.046   88.000   48.836   58.258    8.944   58.052  100.722   58.310   64.382   28.792   71.589   65.192   48.000
  75.584   59.203    3.162    0.000   36.014   83.433   23.770   46.755   38.484   56.303   87.132   44.045   65.856   38.910   52.393   74.518   58.052   42.426   38.419   44.283   85.006   49.366   55.606    7.071   55.317   97.576   56.303   61.522   26.926   68.447   63.246   49.092
  97.581   90.874   37.054   36.014    0.000   83.546   50.537   77.878   17.029   33.838   75.664    8.544   96.177   73.246   70.767   59.228   86.954   78.160   25.710   80.100   93.622   85.288   35.903   29.069   73.000   90.089   82.420   76.026   12.806   63.388   89.404   85.024
  54.571   80.709   86.585   83.433   83.546    0.000   65.742   74.330   66.708   56.824   26.926   82.565   78.294   84.386   43.863   36.878   70.178  106.832   57.871  107.201   21.378  101.912   52.773   81.049   41.869   21.541   61.294   34.409   74.243   21.024   63.063  108.706
  51.884   40.497   26.249   23.770   50.537   65.742    0.000   27.514   44.407   56.719   75.690   56.648   45.651   26.476   29.155   66.888   36.620   43.278   39.051   44.204   63.506   43.081   54.342   26.401   32.140   83.006   33.302   39.013   38.079   55.172   40.361   47.170
  37.054   13.000   48.083   46.755   77.878   74.330   27.514    0.000   71.589   82.000   91.706   84.155   19.105   14.000   30.480   86.977   12.649   37.656   65.376   37.108   63.812   28.653   79.057   51.614   32.527   94.810   16.492   40.361   65.552   71.113   21.024   36.770
  85.604   84.404   40.706   38.484   17.029   66.708   44.407   71.589    0.000   19.209   59.034   16.643   88.544   70.007   58.600   43.012   78.772   80.081    9.434   81.744   77.827   84.593   20.125   31.765   60.440   73.171   72.918   62.241   12.728   46.390   79.605   86.122
  88.142   94.133   58.822   56.303   33.838   56.824   56.719   82.000   19.209    0.000   43.012   29.155   96.876   83.187   62.298   26.019   86.833   96.385   18.385   97.862   72.250   99.202    4.243   50.000   63.325   58.421   79.624   62.650   31.890   35.847   85.615  101.843
  79.228  100.464   90.211   87.132   75.664   26.926   75.690   91.706   59.034   43.012    0.000   72.028   99.624   99.045   62.394   17.117   90.477  118.929   52.498  119.754   48.270  116.829   40.050   82.765   61.351   16.155   81.597   55.543   69.921   20.809   84.900  122.287
 101.415   97.144   45.277   44.045    8.544   82.565   56.648   84.155   16.643   29.155   72.028    0.000  102.044   80.411   74.411   55.145   92.574   86.371   26.077   88.278   94.414   93.086   32.000   37.014   76.420   87.092   87.464   78.645   18.682   61.847   94.340   93.134
  28.844    8.246   67.179   65.856   96.177   78.294   45.651   19.105   88.544   96.876   99.624  102.044    0.000   30.414   37.656   97.867   10.050   50.488   81.492   49.254   63.127   38.000   93.536   70.605   38.328   99.730   18.248   44.385   83.630   80.050   15.264   47.000
  51.039   22.472   39.446   38.910   73.246   84.386   26.476   14.000   70.007   83.187   99.045   80.411   30.414    0.000   41.049   92.136   26.306   24.042   65.376   23.770   76.026   17.804   80.808   44.944   43.566  103.966   30.265   51.624   61.814   78.237   35.014   24.413
  27.019   38.079   55.109   52.393   70.767   43.863   29.155   30.480   58.600   62.298   62.394   74.411   37.656   41.049    0.000   60.299   28.160   64.413   49.930   64.498   35.735   58.258   58.523   53.488    3.000   64.405   19.416   10.770   58.138   42.450   24.021   65.460
  81.744   97.293   77.466   74.518   59.228   36.878   66.888   86.977   43.012   26.019   17.117   55.145   97.867   92.136   60.299    0.000   88.119  109.859   37.590  110.941   56.436  109.590   23.345   69.405   60.075   32.985   79.630   56.143   54.626   19.647   84.149  114.057
  25.710   10.630   59.666   58.052   86.954   70.178   36.620   12.649   78.772   86.833   90.477   92.574   10.050   26.306   28.160   88.119    0.000   49.092   71.568   48.260   56.639   38.328   83.487   62.290   29.155   91.417    8.944   35.847   74.303   70.605    9.487   47.074
  74.545   42.297   41.110   42.426   78.160  106.832   43.278   37.656   80.081   96.385  118.929   86.371   50.488   24.042   64.413  109.859   49.092    0.000   78.000    2.236   99.810   13.892   94.847   49.497   67.082  125.495   54.129   75.133   69.231   98.311   58.310    7.616
  76.844   77.929   41.110   38.419   25.710   57.871   39.051   65.376    9.434   18.385   52.498   26.077   81.492   65.376   49.930   37.590   71.568   78.000    0.000   79.480   68.425   81.025   17.205   32.527   51.614   65.765   65.192   53.038   17.464   38.013   71.694   83.487
  73.824   41.110   43.046   44.283   80.100  107.201   44.204   37.108   81.744   97.862  119.754   88.278   49.254   23.770   64.498  110.941   48.260    2.236   79.480    0.000   99.745   12.083   96.255   51.352   67.119  126.063   53.600   75.180   71.021   99.086   57.559    5.385
  36.235   67.209   88.000   85.006   93.622   21.378   63.506   63.812   77.827   72.250   48.270   94.414   63.127   76.026   35.735   56.436   56.639   99.810   68.425   99.745    0.000   92.439   68.015   84.380   32.894   41.195   48.415   25.000   82.541   37.802   48.104  100.240
  64.031   30.067   48.836   49.366   85.288  101.912   43.081   28.653   84.593   99.202  116.829   93.086   38.000   17.804   58.258  109.590   38.328   13.892   81.025   12.083   92.439    0.000   97.124   56.223   60.605  121.696   44.777   68.600   75.007   96.021   47.802    9.000
  84.172   91.022   58.258   55.606   35.903   52.773   54.342   79.057   20.125    4.243   40.050   32.000   93.536   80.808   58.523   23.345   83.487   94.847   17.205   96.255   68.015   97.124    0.000   49.578   59.464   55.145   76.118   58.592   32.450   31.765   82.000  100.090
  78.032   64.351    8.944    7.071   29.069   81.049   26.401   51.614   31.765   50.000   82.765   37.014   70.605   44.944   53.488   69.405   62.290   49.497   32.527   51.352   84.380   56.223   49.578    0.000   56.303   93.984   59.666   61.847   19.925   64.846   66.708   56.143
  25.239   39.357   58.052   55.317   73.000   41.869   32.140   32.527   60.440   63.325   61.351   76.420   38.328   43.566    3.000   60.075   29.155   67.082   51.614   67.119   32.894   60.605   59.464   56.303    0.000   62.682   20.248    8.062   60.440   41.773   24.083   67.956
  75.961  101.872  100.722   97.576   90.089   21.541   83.006   94.810   73.171   58.421   16.155   87.092   99.730  103.966   64.405   32.985   91.417  125.495   65.765  126.063   41.195  121.696   55.145   93.984   62.682    0.000   82.492   55.570   83.187   29.155   84.528  128.004
  21.095   19.416   58.310   56.303   82.420   61.294   33.302   16.492   72.918   79.624   81.597   87.464   18.248   30.265   19.416   79.630    8.944   54.129   65.192   53.600   48.415   44.777   76.118   59.666   20.248   82.492    0.000   26.926   69.635   61.847    7.071   53.141
  25.962   46.325   64.382   61.522   76.026   34.409   39.013   40.361   62.241   62.650   55.543   78.645   44.385   51.624   10.770   56.143   35.847   75.133   53.038   75.180   25.000   68.600   58.592   61.847    8.062   55.570   26.926    0.000   63.812   37.014   29.411   76.007
  84.865   78.549   28.792   26.926   12.806   74.243   38.079   65.552   12.728   31.890   69.921   18.682   83.630   61.814   58.138   54.626   74.303   69.231   17.464   71.021   82.541   75.007   32.450   19.925   60.440   83.187   69.635   63.812    0.000   55.082   76.609   75.664
  62.290   80.324   71.589   68.447   63.388   21.024   55.172   71.113   46.390   35.847   20.809   61.847   80.050   78.237   42.450   19.647   70.605   98.311   38.013   99.086   37.802   96.021   31.765   64.846   41.773   29.155   61.847   37.014   55.082    0.000   65.765  101.533
  16.279   19.416   65.192   63.246   89.404   63.063   40.361   21.024   79.605   85.615   84.900   94.340   15.264   35.014   24.021   84.149    9.487   58.310   71.694   57.559   48.104   47.802   82.000   66.708   24.083   84.528    7.071   29.411   76.609   65.765    0.000   56.515
  72.780   39.051   48.000   49.092   85.024  108.706   47.170   36.770   86.122  101.843  122.287   93.134   47.000   24.413   65.460  114.057   47.074    7.616   83.487    5.385  100.240    9.000  100.090   56.143   67.956  128.004   53.141   76.007   75.664  101.533   56.515    0.000